Adjacency Matrix (9x9):
          0       1       2       3       4       5       6       7       8
 0     0.00  117.39  240.67  207.24    0.00  198.66    0.00  129.39   73.44
 1   117.39    0.00    0.00  279.16  178.09    0.00  129.63  128.43  119.10
 2   240.67    0.00    0.00  188.16  326.02  431.84  479.94  341.88  286.43
 3   207.24  279.16  188.16    0.00    0.00  332.00  406.48  336.59  280.01
 4     0.00  178.09  326.02    0.00    0.00  246.74    0.00   53.60   76.92
 5   198.66    0.00  431.84  332.00  246.74    0.00    0.00    0.00  198.57
 6     0.00  129.63  479.94  406.48    0.00    0.00    0.00    0.00  209.86
 7   129.39  128.43  341.88  336.59   53.60    0.00    0.00    0.00   58.82
 8    73.44  119.10  286.43  280.01   76.92  198.57  209.86   58.82    0.00
