Adjacency Matrix (9x9):
          0       1       2       3       4       5       6       7       8
 0     0.00    0.00    0.00  207.24    0.00    0.00    0.00  129.39    0.00
 1     0.00    0.00    0.00    0.00  178.09   82.87    0.00    0.00    0.00
 2     0.00    0.00    0.00  188.16  326.02    0.00  479.94    0.00    0.00
 3   207.24    0.00  188.16    0.00    0.00  332.00    0.00  336.59    0.00
 4     0.00  178.09  326.02    0.00    0.00    0.00    0.00    0.00    0.00
 5     0.00   82.87    0.00  332.00    0.00    0.00    0.00    0.00    0.00
 6     0.00    0.00  479.94    0.00    0.00    0.00    0.00    0.00    0.00
 7   129.39    0.00    0.00  336.59    0.00    0.00    0.00    0.00    0.00
 8     0.00    0.00    0.00    0.00    0.00    0.00    0.00    0.00    0.00
