Adjacency Matrix (9x9):
          0       1       2       3       4       5       6       7       8
 0     0.00    0.00    0.00    0.00    0.00    0.00    0.00    0.00    0.00
 1     0.00    0.00    0.00    0.00    0.00    0.00    0.00    0.00    0.00
 2     0.00    0.00    0.00    0.00    0.00  431.84    0.00    0.00    0.00
 3     0.00    0.00    0.00    0.00    0.00    0.00  406.48    0.00    0.00
 4     0.00    0.00    0.00    0.00    0.00    0.00  230.08    0.00    0.00
 5     0.00    0.00  431.84    0.00    0.00    0.00    0.00    0.00  198.57
 6     0.00    0.00    0.00  406.48  230.08    0.00    0.00    0.00    0.00
 7     0.00    0.00    0.00    0.00    0.00    0.00    0.00    0.00    0.00
 8     0.00    0.00    0.00    0.00    0.00  198.57    0.00    0.00    0.00
