Adjacency Matrix (8x8):
          0       1       2       3       4       5       6       7
 0     0.00  513.41    0.00  446.81    0.00  142.95  370.90    0.00
 1   513.41    0.00  474.91    0.00   28.60    0.00    0.00  637.11
 2     0.00  474.91    0.00    0.00    0.00    0.00    0.00  164.20
 3   446.81    0.00    0.00    0.00   69.46  307.51  135.53    0.00
 4     0.00   28.60    0.00   69.46    0.00  342.66    0.00  608.82
 5   142.95    0.00    0.00  307.51  342.66    0.00  251.35    0.00
 6   370.90    0.00    0.00  135.53    0.00  251.35    0.00    0.00
 7     0.00  637.11  164.20    0.00  608.82    0.00    0.00    0.00
