Adjacency Matrix (8x8):
          0       1       2       3       4       5       6       7
 0     0.00  513.41   41.15    0.00    0.00    0.00  370.90    0.00
 1   513.41    0.00    0.00   92.44    0.00    0.00    0.00    0.00
 2    41.15    0.00    0.00    0.00    0.00    0.00    0.00  164.20
 3     0.00   92.44    0.00    0.00    0.00    0.00    0.00    0.00
 4     0.00    0.00    0.00    0.00    0.00    0.00    0.00  608.82
 5     0.00    0.00    0.00    0.00    0.00    0.00  251.35    0.00
 6   370.90    0.00    0.00    0.00    0.00  251.35    0.00    0.00
 7     0.00    0.00  164.20    0.00  608.82    0.00    0.00    0.00
