Adjacency Matrix (8x8):
          0       1       2       3       4       5       6       7
 0     0.00    0.00   41.15    0.00  485.21    0.00    0.00    0.00
 1     0.00    0.00    0.00    0.00    0.00    0.00    0.00    0.00
 2    41.15    0.00    0.00  410.76    0.00    0.00    0.00    0.00
 3     0.00    0.00  410.76    0.00    0.00    0.00    0.00    0.00
 4   485.21    0.00    0.00    0.00    0.00    0.00    0.00    0.00
 5     0.00    0.00    0.00    0.00    0.00    0.00    0.00    0.00
 6     0.00    0.00    0.00    0.00    0.00    0.00    0.00    0.00
 7     0.00    0.00    0.00    0.00    0.00    0.00    0.00    0.00
